﻿week,weeks_hours,cumulative_hours
1,30,30
2,30,60
3,30,90
4,30,120
5,25,145
6,31,176
7,24,200
8,30,230
9,30,260
10,30,290
11,32,322
12,30,352
13,30,382
14,30,412
15,25,437
16,20,457
17,33,490
18,30,520
19,30,550
20,30,580
21,,580
22,,580
23,,580
24,,580
25,,580
26,,580
27,,580
28,,580
29,,580
30,,580
31,,580
32,,580
33,,580
34,,580
35,,580
36,,580
37,,580
38,,580
39,,580
40,,580
41,,580
42,,580
43,,580
44,,580
45,,580
46,,580
47,,580
48,,580
49,,580
50,,580
51,,580
52,,580
